-0.7246830303266483
-0.6922808889252736
-0.848607622276857
0.05782358840558488
0.870596254766798
0.610775192836895
-0.23145668085170246
-0.0028198051181571593
0.1277624777646449
-0.8741032369250459
0.9618337581660095
-0.8954445739382071
-0.978905947878788
0.5752545617776379
-0.9638244564629994
-0.5419497438990191
0.9215249852548402
0.6227080132054534
-0.937275830857317
-0.46006957653314307
-0.14147334138757173
-0.3602967262579453
-0.09512261152738999
0.7385512108946022
0.6647591501268337
-0.8568795889232312
0.4524502979537728
-0.36349228369070574
-0.2932985644273596
0.21124155878355588
0.11342529916453326
0.02207651676844935
0.6778859106942889
0.19684578921903606
-0.393793507769983
0.9114269551861423
-0.8032712306416565
-0.8218530302572875
0.8023258036974974
0.9136543733452593
-0.5014551881754805
0.3529295409604769
0.24525855289575693
-0.7156058801143803
-0.40678887101986483
0.8325854736743279
0.5822075766474251
0.6958659481249689
-0.39810497759435326
-0.07803142374457739
0.5114882711928925
-0.07139662607265906
-0.41007001591420567
-0.4726605396237098
0.9292156605210165
0.08053975221390663
0.9724735908043736
-0.46358037512511574
-0.5899384164642922
0.6910152018296976
-0.42201893723703776
-0.44149019991473737
-0.47207430021893715
-0.14349020999241957
-0.7743209208690813
0.6796497037835771
-0.9998230524269525
0.06575696488727845
0.8777517157376897
0.9602292950694253
0.363508166407152
0.8793986651746661
-0.11268841655751616
-0.07189034030882202
0.5719360723654834
0.3661134852597465
0.21389137285763704
-0.08206962232899517
-0.7832506414165701
-0.5348268933096247
0.1521175598342901
-0.03131082034636101
0.08348513209287756
-0.2660825097278998
-0.17184738795500687
-0.9214432386255431
-0.1483932013900655
0.35760225121997524
0.7867021107627716
0.1643343511648112
-0.7854776634418557
0.6375380825546888
0.0872938151888838
0.2907760906822532
0.826035909587383
0.5754437228774807
-0.3354036749694327
0.24589194511900514
0.8680622773263973
-0.8272088962427597
