-0.5737463636924707
0.5867064693411528
-0.14452031285690992
-0.9516052956513237
-0.8858311604019304
-0.6839481377621655
-0.19587281697609327
0.43741123947590066
-0.08766097320664357
0.29405434633015637
-0.6312446423213758
0.7971771175837767
0.18200171194566206
-0.7374538496717262
0.3332001266152944
0.9081389463684444
0.10921011233413447
-0.21581567731903273
-0.6241673115375705
0.5175431557906829
-0.05345550936728172
-0.6807029709935923
0.17017106603786702
-0.7357058767402713
0.40413060439715265
-0.45539312127566767
-0.3088019417487706
0.9368632686795586
-0.04117663574767483
0.20494069776508606
0.3609283444661284
0.4600979682962427
-0.8626525875554785
-0.9901908558423476
0.04957517831049918
-0.5820305340615735
-0.26951854556249577
0.36250339689910294
0.36314443062260837
-0.31707248948285804
-0.8984537923691167
0.031479138753441216
-0.1514871901740198
-0.07533947434726462
-0.5471937410629735
0.9550903542330658
-0.633124526723724
0.8240429609813644
-0.5679567801392942
0.3159568004048394
-0.2892331602583351
-0.8390554521017846
-0.5161090705160407
-0.12727262103425963
-0.4503695073837799
0.5654158140433969
0.4995416685244338
0.8724636444359066
0.48016069807272066
0.837162789904714
0.8508318154666827
-0.12823070363306965
0.8280798229382422
0.1576516777771475
0.49722610433702674
0.6887566585110716
0.3774538129088203
-0.7405381968755917
-0.9605783116579709
0.8838136654976467
0.5305694566552286
-0.11915536007715977
-0.0743721958814394
-0.4177944297341669
0.729408497287394
-0.10989873683591411
-0.38746407613645606
0.9983276293079257
-0.4303157990893187
-0.10108645809864147
-0.17822946861462463
0.5329154493099446
0.06094027692035375
0.9821305486320624
0.009511315715725166
-0.998698676659066
0.4220789174548041
0.6472762538133323
0.8100040327529625
0.14758763939276354
0.9458550613864241
-0.31226476988732155
0.857842279487947
-0.574008308417215
0.9687507019127575
-0.9585801257010167
-0.6166479329334826
0.22829128223985817
0.8737034613133527
0.8347907602062425
