-0.4219779984231106
0.1387540123912815
-0.0643356271271748
-0.2808442723869991
-0.6527682350710639
-0.6297209768033274
-0.6828006260421399
0.045445337043989294
-0.2312247323725187
-0.11199770394733596
-0.7427994209961146
0.1830598965483817
0.0112522326497402
-0.5671301919971896
-0.6142919308189778
-0.5778496905252507
-0.5238398807955563
-0.28835005423167287
-0.38373930748317053
-0.5673114577272428
-0.17630229419503748
-0.6500639284607626
-0.5076508131990835
-0.44302164204131417
-0.40054484546498065
-0.03164985151760075
-0.614034798502711
-0.3178566523552531
-0.2140368596045979
-0.7373875530074206
-0.11700771205014042
-0.6224927637994349
-0.72464639138581
0.14590770062268657
0.08888118446259771
0.0073367930984924706
-0.4929770224289882
-0.6037982014942047
-0.12346141207908799
-0.3477856125670542
-0.6793502359434309
-0.3515702113935111
-0.7198985663041808
0.13939772338625303
-0.5095787405182612
-0.17385321383780758
-0.43217715147314506
-0.3360060213338804
-0.2298154369047095
-0.5275273194420738
0.12996317475933103
-0.04751908582299631
0.14348499616769478
0.07468832426300087
-0.26412655843156013
0.12461675401535793
-0.7539996464971246
-0.5850734403554475
-0.7915496804588141
-0.4126722930360341
-0.4426528420039675
-0.5415334288743311
0.06127819784671614
-0.4924812459637689
-0.5099670929284541
-0.2050182066704544
-0.7233751044076865
0.009582335095331847
-0.7150540445502922
0.2181598514716097
-0.07723325913846585
-0.6541025829891987
-0.7736002202517217
0.02734081538416161
-0.08312294213854782
-0.05713490357913365
-0.05593064217719388
-0.7166652003794695
-0.4298113725237801
-0.7127049971959251
0.13773440632138378
-0.15774855633597057
-0.5167541150354568
-0.7101795053686231
-0.5280049450934307
-0.44333329382355485
-0.024049998501639754
-0.1952698213788553
0.12574778774609943
-0.31127383776059075
-0.6475233476619188
-0.010883493470847092
-0.04903047602321737
-0.26887224900480333
-0.06461339723045993
-0.3388368150342268
-0.2803512389945701
-0.3588129026487846
-0.763513241282704
-0.6590212430452547
